15552.0
1520640.0
98496.0
2592.0
5124390912.0
10616832.0
119808.0
832.0
165.0
160.0
6144.0
4608.0
30080.0
480.0
432.0
1548288.0
4391829504.0
464.0
2304.0
53248.0
5.38252488475e+15
3456.0
144.0
540.0
1456.0
4.24707253862e+13
71808.0
624.0
762642432.0
1440.0
840.0
3072.0
6144.0
768.0
160.0
256.0
1280.0
576.0
192.0
768.0
77760.0
20736.0
3072.0
384.0
108864.0
1051066368.0
207360.0
2400.0
6144.0
240.0
384.0
504.0
150.0
49152.0
8448000.0
243.0
36864.0
2875392.0
62208.0
1728.0
1700.0
360.0
98304.0
2304.0
1056.0
497664.0
2880.0
1024.0
144.0
9216.0
1152.0
153600.0
384.0
672.0
1152.0
384.0
20736.0
9216.0
384.0
26880.0
11041505280.0
128.0
576.0
188.0
6137856.0
288.0
16896.0
3456.0
3888.0
1881169920.0
585792.0
2304.0
112.0
576.0
96768.0
576.0
8758886400.0
720.0
896.0
1152.0
28901376.0
1411200.0
576.0
6.90392370512e+18
992.0
1536.0
3072.0
3456.0
13271040.0
294912.0
8.2216747008e+14
180.0
18816.0
480.0
92160.0
384.0
5760.0
384.0
5238.0
192.0
5328.0
1.8560876544e+11
5832.0
53125632.0
768.0
5120.0
216576.0
1228800.0
168.0
1966080.0
384.0
3420.0
224.0
1.29926135808e+12
7864320.0
192.0
4.0
48.0
3.0
3.0
8.0
12.0
7.0
3.0
16.0
1.0
5.0
4.0
24.0
1.0
2.0
6.0
2.0
1.0
1.0
16.0
10.0
40.0
4.0
16.0
19.0
4.0
16.0
2.0
24.0
1.0
8.0
4.0
2.0
4.0
1.0
8.0
1.0
1.0
8.0
64.0
4.0
1.0
1.0
5.0
20.0
8.0
3.0
3.0
3.0
8.0
16.0
8.0
12.0
1.0
1.0
8.0
1.0
20.0
1.0
3.0
3.0
3.0
2.0
1.0
2.0
2.0
2.0
2.0
24.0
36.0
2.0
1.0
2.0
8.0
9.0
64.0
5.0
4.0
1.0
2.0
66.0
3.0
3.0
4.0
3.0
5.0
1.0
1.0
1.0
72.0
30.0
16.0
2.0
2.0
4.0
32.0
4.0
12.0
64.0
2.0
3.0
4.0
4.0
24.0
8.0
64.0
2.0
1.0
14.0
1.0
4.0
8.0
2.0
20.0
4.0
4.0
1.0
16.0
18.0
2.0
5.0
1.0
16.0
6.0
16.0
12.0
2.0
3.0
2.0
24.0
18.0
1.0
2.0
8.0
2.0
1.0
9.0
36.0
8.0
8.0
1.0
1.0
48.0
8.0
4.0
48.0
12.0
2.0
1.0
4.0
4.0
1.0
2.0
2.0
7.0
18.0
1.0
3.0
2.0
4.0
3.0
1.0
2.0
8.0
1.0
2.0
2.0
36.0
1.0
4.0
32.0
72.0
64.0
2.0
3.0
2.0
4.0
1.0
8.0
2.0
1.0
2.0
1.0
14.0
4.0
72.0
15.0
1.0
3.0
1.0
4.0
44.0
1.0
3.0
8.0
2.0
1.0
2.0
2.0
32.0
24.0
6.0
2.0
1.0
7.0
1.0
3.0
88.0
48.0
12.0
2.0
1.0
2.0
3.0
1.0
2.0
2.0
3.0
96.0
2.0
1.0
1.0
1.0
8.0
24.0
4.0
4.0
4.0
24.0
3.0
24.0
2.0
4.0
4.0
1.0
3.0
1.0
6.0
5.0
2.0
2.0
1.0
15.0
1.0
2.0
3.0
18.0
20.0
1.0
2.0
8.0
4.0
3.0
1.0
1.0
96.0
12.0
2.0
2.0
2.0
12.0
1.0
8.0
12.0
3.0
1.0
1.0
8.0
8.0
8.0
5.0
4.0
6.0
4.0
1.0
3.0
2.0
18.0
24.0
4.0
40.0
2.0
4.0
2.0
4.0
9.0
1.0
2.0
48.0
4.0
6.0
2.0
4.0
8.0
60.0
30.0
1.0
1.0
8.0
8.0
92.0
1.0
2.0
12.0
2.0
2.0
4.0
16.0
1.0
1.0
8.0
1.0
4.0
2.0
8.0
3.0
1.0
10.0
1.0
1.0
3.0
12.0
4.0
72.0
1.0
3.0
2.0
2.0
2.0
3.0
4.0
12.0
8.0
18.0
16.0
2.0
24.0
1.0
1.0
4.0
6.0
8.0
1.0
1.0
12.0
6.0
1.0
1.0
80.0
4.0
96.0
5.0
12.0
1.0
12.0
8.0
9.0
48.0
1.0
24.0
2.0
5.0
5.0
96.0
48.0
4.0
10.0
12.0
16.0
4.0
4.0
1.0
3.0
1.0
4.0
1.0
2.0
1.0
7.0
4.0
1.0
2.0
8.0
12.0
1.0
4.0
2.0
9.0
12.0
36.0
18.0
5.0
12.0
1.0
4.0
36.0
4.0
1.0
3.0
4.0
3.0
66.0
4.0
18.0
8.0
18.0
2.0
24.0
1.0
2.0
2.0
24.0
2.0
48.0
4.0
6.0
2.0
3.0
1.0
16.0
1.0
8.0
80.0
3.0
1.0