../TreeLifeData/COG1304.newick
1 48.122807 41.245614
2 43.089750 36.418454
3 37.857294 34.473034
4 32.444647 30.974070
1 48.456140 41.245614
2 40.682749 38.141326
3 37.971633 34.427652
4 37.343994 33.356522
1 48.122807 41.245614
2 43.539474 36.690058
3 41.358431 34.972831
4 39.994233 33.908748
1 53.140351 41.245614
2 41.175804 35.489035
3 37.413986 32.536184
4 35.878878 30.360593
1 47.456140 41.245614
2 43.165042 36.844379
3 40.429012 34.043860
4 34.718242 30.172088
../TreeLifeData/COG1247.newick
1 31.666667 29.833333
2 21.259259 19.500000
3 19.629630 18.537037
4 18.265432 17.401235
1 34.666667 29.833333
2 32.037037 27.981481
3 30.462963 27.231481
4 18.611111 17.222222
1 34.222222 29.833333
2 32.222222 19.500000
3 31.444444 27.055556
4 20.222222 17.833333
1 34.555556 29.833333
2 21.351852 19.500000
3 19.250000 18.023148
4 17.589506 16.748457
1 34.222222 29.833333
2 31.175926 28.175926
3 30.675926 27.148148
4 28.856481 26.067901
../TreeLifeData/COG2216.newick
1 15.660606 12.484848
2 14.206061 11.030303
3 12.145455 10.303030
4 10.872727 9.272727
1 14.751515 12.484848
2 11.296970 10.642424
3 9.757576 9.539394
4 9.200000 8.884848
1 14.096970 12.484848
2 10.751515 10.751515
3 9.539394 9.393939
4 8.896970 8.896970
1 13.030303 12.484848
2 11.018182 10.884848
3 10.290909 9.987879
4 9.212121 8.678788
1 13.551515 12.484848
2 11.515152 10.593939
3 9.563636 9.200000
4 8.909091 8.642424
../TreeLifeData/COG1944.newick
1 15.700000 15.300000
2 13.000000 12.650000
3 12.050000 12.050000
4 11.575000 11.187500
1 15.700000 15.300000
2 11.431250 10.787500
3 10.006250 9.718750
4 9.256250 8.912500
1 15.700000 15.300000
2 11.600000 11.150000
3 10.250000 9.912500
4 9.931250 9.250000
1 15.700000 15.300000
2 13.075000 12.525000
3 10.087500 9.706250
4 9.156250 8.837500
1 15.700000 15.300000
2 14.200000 13.800000
3 12.387500 11.575000
4 9.812500 9.393750
../TreeLifeData/COG0059.newick
1 31.138889 28.111111
2 25.076389 22.737413
3 21.683594 20.253472
4 20.721788 19.572483
1 30.527778 28.111111
2 25.052083 23.173611
3 24.003472 21.888889
4 23.371528 18.845486
1 33.305556 28.111111
2 25.011285 22.875000
3 21.865885 21.409288
4 19.380208 18.817274
1 29.111111 28.111111
2 23.902778 23.390625
3 22.567708 22.567708
4 21.361979 20.993056
1 32.944444 28.111111
2 25.215278 22.828993
3 22.542101 21.622396
4 21.780816 21.409288
../TreeLifeData/COG2301.newick
1 35.481915 29.735106
2 31.333777 26.451064
3 29.919149 24.508710
4 28.659309 23.757380
1 34.667021 29.735106
2 32.385372 27.396809
3 30.583378 25.284309
4 28.987234 23.506549
1 38.209574 29.735106
2 33.086702 27.133511
3 32.450665 25.830186
4 30.788298 24.324468
1 35.394681 29.735106
2 33.369149 27.367553
3 30.823936 25.310306
4 27.465957 24.595944
1 36.098936 29.735106
2 32.733644 27.050798
3 30.276862 25.151263
4 29.344282 23.848271
../TreeLifeData/COG2264.newick
1 22.150000 20.850000
2 18.433333 16.475000
3 17.385417 15.179167
4 16.785417 14.081250
1 25.550000 20.850000
2 17.872917 16.233333
3 17.020833 14.870833
4 15.937500 13.943750
1 22.150000 20.850000
2 18.266667 18.266667
3 16.475000 16.283333
4 15.366667 15.270833
1 21.516667 20.850000
2 17.925000 17.266667
3 16.618750 15.258333
4 15.143750 14.445833
1 25.550000 20.850000
2 20.145833 16.233333
3 19.375000 15.137500
4 18.175000 14.375000
../TreeLifeData/COG1808.newick
1 17.833333 16.500000
2 14.277778 13.611111
3 13.708333 12.129630
4 12.222222 11.712963
1 18.500000 16.500000
2 14.527778 13.115741
3 13.185185 12.016204
4 11.469907 11.087963
1 17.166667 16.500000
2 14.087963 13.666667
3 12.759259 12.592593
4 11.495370 11.280093
1 17.833333 16.500000
2 14.444444 13.777778
3 12.259259 11.819444
4 11.312500 10.893519
1 17.833333 16.500000
2 14.055556 14.055556
3 12.722222 12.722222
4 11.673611 11.335648
../TreeLifeData/COG3505.newick
1 24.724138 20.862069
2 16.883621 16.250000
3 15.909483 15.269397
4 13.971983 13.301724
1 27.344828 20.862069
2 24.758621 19.034483
3 22.370690 14.379310
4 21.411638 13.155172
1 25.965517 20.862069
2 18.758621 16.284483
3 15.012931 14.008621
4 14.275862 12.900862
1 21.896552 20.862069
2 18.491379 16.413793
3 15.206897 14.913793
4 14.327586 13.793103
1 24.379310 20.862069
2 22.810345 16.439655
3 17.295259 15.312500
4 16.797414 14.730603
../TreeLifeData/COG0630.newick
1 24.166667 22.000000
2 19.350694 18.406250
3 17.093750 16.643229
4 16.065104 15.900608
1 24.500000 22.000000
2 19.006944 18.402778
3 17.746094 17.297743
4 16.956163 15.772569
1 24.166667 22.000000
2 20.520833 18.666667
3 18.989583 17.270833
4 17.562500 16.338542
1 24.250000 22.000000
2 20.085938 18.109375
3 18.059896 16.608073
4 16.467014 15.618924
1 23.916667 22.000000
2 20.734375 18.666667
3 18.944010 16.695312
4 17.996962 15.979601
../TreeLifeData/COG0123.newick
1 39.730769 38.653846
2 34.259615 33.913462
3 31.220102 31.220102
4 29.814904 29.814904
1 38.653846 38.653846
2 32.879808 32.731971
3 30.191331 30.059345
4 29.315768 29.152231
1 41.730769 38.653846
2 35.232572 32.450721
3 32.384014 30.528395
4 29.824557 28.901480
1 39.730769 38.653846
2 33.661058 33.507212
3 31.194712 31.040865
4 29.617788 29.463942
1 38.653846 38.653846
2 33.597055 33.353966
3 31.653245 31.311749
4 29.816256 29.562650
../TreeLifeData/COG1232.newick
1 14.000000 14.000000
2 11.388889 11.388889
3 10.222222 10.222222
4 8.625000 8.625000
1 14.000000 14.000000
2 10.916667 10.916667
3 9.458333 9.458333
4 8.763889 8.763889
1 14.666667 14.000000
2 11.333333 11.333333
3 9.444444 9.444444
4 9.027778 9.027778
1 14.000000 14.000000
2 10.916667 10.916667
3 9.138889 9.138889
4 8.430556 8.430556
1 15.333333 14.000000
2 13.333333 12.666667
3 11.083333 10.333333
4 10.291667 9.500000
../TreeLifeData/COG3152.newick
1 19.911111 16.844444
2 18.029630 14.377778
3 16.611111 13.307407
4 15.248148 12.422222
1 21.666667 16.844444
2 18.494444 13.966667
3 15.085185 12.729630
4 14.477778 12.040741
1 20.577778 16.844444
2 15.985185 14.503704
3 14.000000 12.707407
4 12.814815 12.185185
1 20.844444 16.844444
2 18.829630 15.200000
3 16.844444 13.822222
4 14.114815 11.922222
1 18.888889 16.844444
2 16.074074 14.474074
3 15.377778 12.874074
4 14.720370 11.888889
../TreeLifeData/COG1451.newick
1 39.440285 32.295009
2 36.798574 30.209447
3 34.744207 27.899510
4 29.975713 26.917669
1 38.734403 32.295009
2 35.971034 29.138146
3 31.551833 27.012533
4 30.552835 25.783367
1 40.576649 32.295009
2 37.164884 28.934715
3 32.108512 27.126504
4 31.084768 25.762840
1 39.870766 32.295009
2 32.977384 28.645026
3 29.659537 26.902713
4 29.056303 25.663742
1 34.852050 32.295009
2 32.866756 30.324421
3 31.451203 27.950758
4 30.387143 26.194268
../TreeLifeData/COG1042.newick
1 21.384615 18.679487
2 15.743590 15.743590
3 14.500000 14.500000
4 13.115385 13.115385
1 20.217949 18.679487
2 16.141026 16.006410
3 14.782051 13.814103
4 14.115385 13.189103
1 19.846154 18.679487
2 15.724359 15.724359
3 14.067308 13.903846
4 12.846154 12.846154
1 19.948718 18.679487
2 17.448718 16.679487
3 15.910256 14.275641
4 14.692308 13.214744
1 20.615385 18.679487
2 17.153846 15.730769
3 15.250000 14.128205
4 13.993590 12.907051
../TreeLifeData/COG2089.newick
1 23.266667 21.700000
2 20.300000 19.466667
3 18.077778 16.908333
4 17.233333 16.444444
1 23.133333 21.700000
2 19.458333 18.850000
3 17.016667 17.016667
4 16.362500 16.166667
1 23.300000 21.700000
2 20.088889 19.122222
3 17.050000 16.544444
4 15.952778 15.387500
1 22.600000 21.700000
2 19.800000 18.566667
3 17.488889 16.594444
4 16.411111 15.730556
1 22.100000 21.700000
2 19.133333 18.833333
3 16.997222 16.277778
4 16.020833 15.101389
../TreeLifeData/COG2334.newick
1 21.861905 18.519048
2 18.511905 15.619048
3 16.982143 14.585714
4 15.988095 13.923810
1 20.795238 18.519048
2 18.495238 16.576190
3 17.111905 14.566667
4 15.854762 14.109524
1 21.795238 18.519048
2 18.683333 15.578571
3 16.916667 14.111905
4 16
../TreeLifeData/COG0017.newick
1 28.083333 25.916667
2 23.177083 21.541667
3 21.398438 20.276042
4 19.451172 18.329427
1 25.916667 25.916667
2 21.386719 21.242188
3 19.882813 19.712240
4 19.300130 19.300130
1 28.083333 25.916667
2 23.833333 21.916667
3 20.888021 20.052083
4 20.286458 19.279948
1 27.416667 25.916667
2 22.802083 22.002604
3 20.324219 19.188151
4 19.722005 18.442708
1 27.583333 25.916667
2 22.666667 21.666667
3 20.588542 19.431641
4 19.597656 18.765625
../TreeLifeData/COG0104.newick
1 32.166667 31.500000
2 26.182292 25.515625
3 23.809896 23.143229
4 22.084635 21.622396
1 32.166667 31.500000
2 26.562500 26.229167
3 25.135417 24.822917
4 23.276042 22.930990
1 32.166667 31.500000
2 27.072917 26.406250
3 25.088542 24.421875
4 22.723307 22.056641
1 32.166667 31.500000
2 27.270833 26.604167
3 24.369792 23.703125
4 22.732422 22.065755
1 32.166667 31.500000
2 27.583333 26.916667
3 24.494792 24.041667
4 23.154948 23.019531
../TreeLifeData/COG1048.newick
1 22.833333 22.166667
2 19.333333 18.666667
3 18.020833 16.854167
4 16.692708 15.848958
1 22.166667 22.166667
2 18.291667 18.291667
3 16.328125 16.328125
4 15.380208 15.380208
1 22.833333 22.166667
2 18.875000 18.875000
3 17.916667 17.833333
4 16.208333 15.927083
1 22.166667 22.166667
2 18.833333 18.833333
3 16.718750 16.458333
4 15.869792 15.869792
1 23.500000 22.166667
2 18.541667 18.041667
3 16.395833 15.989583
4 14.845052 14.423177
../TreeLifeData/COG1135.newick
1 17.250000 17.250000
2 12.640625 12.640625
3 11.449219 11.367188
4 10.921875 10.792969
1 17.250000 17.250000
2 14.625000 14.625000
3 13.296875 13.109375
4 11.113281 11.058594
1 17.750000 17.250000
2 13.492188 13.093750
3 12.066406 11.585938
4 11.269531 11.121094
1 17.250000 17.250000
2 12.925781 12.578125
3 11.781250 11.339844
4 11.253906 10.574219
1 18.250000 17.250000
2 14.125000 13.625000
3 12.218750 11.765625
4 11.828125 11.625000
../TreeLifeData/COG1283.newick
1 20.600000 19.100000
2 18.125000 16.875000
3 16.318750 14.831250
4 15.643750 14.143750
1 21.400000 19.100000
2 19.062500 16.475000
3 16.362500 14.404687
4 14.824219 14.132812
1 20.500000 19.100000
2 17.818750 16.837500
3 16.600000 15.787500
4 15.850000 14.981250
1 20.400000 19.100000
2 17.387500 15.975000
3 15.960938 14.510938
4 14.832812 14.186719
1 21.000000 19.100000
2 19.200000 17.700000
3 17.875000 16.093750
4 15.375000 14.707812
../TreeLifeData/COG0064.newick
1 19.666667 19.666667
2 15.583333 15.583333
3 13.666667 13.666667
4 13.010417 13.010417
1 21.333333 19.666667
2 16.250000 16.250000
3 14.659722 14.486111
4 13.243056 13.243056
1 19.666667 19.666667
2 16.916667 16.916667
3 14.506944 14.506944
4 12.791667 12.791667
1 20.666667 19.666667
2 16.916667 16.166667
3 15.333333 14.916667
4 13.972222 13.791667
1 20.666667 19.666667
2 16.791667 16.125000
3 14.645833 13.979167
4 14.020833 13.354167
../TreeLifeData/COG4631.newick
1 16.333333 15.666667
2 14.833333 14.166667
3 12.958333 12.291667
4 10.677083 10.250000
1 16.333333 15.666667
2 12.833333 11.916667
3 11.833333 11.041667
4 10.145833 9.984375
1 16.333333 15.666667
2 13.083333 12.416667
3 11.437500 10.958333
4 10.552083 10.000000
1 16.333333 15.666667
2 13.166667 13.166667
3 12.583333 12.583333
4 10.437500 10.093750
1 16.333333 15.666667
2 13.333333 12.666667
3 12.208333 11.541667
4 11.104167 10.500000
../TreeLifeData/COG0233.newick
1 23.833333 23.166667
2 20.833333 20.166667
3 17.151042 16.895833
4 16.223958 15.747396
1 23.833333 23.166667
2 18.406250 18.406250
3 16.778646 16.549479
4 15.747396 15.401042
1 23.833333 23.166667
2 19.958333 19.291667
3 16.734375 16.458333
4 15.630208 15.630208
1 23.833333 23.166667
2 20.833333 20.833333
3 17.203125 16.963542
4 15.216146 15.216146
1 23.833333 23.166667
2 18.520833 18.520833
3 16.656250 16.322917
4 15.402344 15.132812
../TreeLifeData/COG0315.newick
1 43.555556 41.377778
2 32.844444 30.200000
3 31.064815 29.008333
4 28.616667 26.725000
1 43.822222 41.377778
2 32.911111 30.200000
3 31.118441 28.850000
4 29.731211 27.503395
1 54.111111 41.377778
2 33.644444 30.200000
3 32.079630 28.976852
4 28.010957 26.466049
1 46.355556 41.377778
2 40.592593 
../TreeLifeData/COG2812.newick
1 33.888889 31.092593
2 29.093364 27.202932
3 27.051312 25.508102
4 25.391975 24.271219
1 33.222222 31.092593
2 27.433642 26.598573
3 25.415895 24.512153
4 24.382137 23.302373
1 32.555556 31.092593
2 29.333333 27.685185
3 27.944444 26.296296
4 26.622685 25.023920
1 33.388889 31.092593
2 28.148148 26.981481
3 25.407890 24.372299
4 24.612365 23.764178
1 32.555556 31.092593
2 27.856481 27.312500
3 24.936921 24.500675
4 23.736690 23.414931
../TreeLifeData/COG0168.newick
1 42.250000 34.250000
2 39.226190 32.166667
3 36.525187 29.510417
4 35.603891 28.737269
1 44.130952 34.250000
2 33.792181 30.246032
3 32.023488 29.474813
4 28.501185 27.828612
1 36.250000 34.250000
2 32.629630 30.723876
3 29.652998 27.621693
4 27.920414 26.624339
1 40.226190 34.250000
2 33.908951 30.250992
3 32.576435 29.454420
4 30.000689 27.743304
1 37.083333 34.250000
2 32.628601 30.408730
3 31.373769 29.515322
4 30.757964 28.850731
../TreeLifeData/COG0238.newick
1 32.416667 28.583333
2 27.317708 25.145833
3 24.882812 22.562500
4 23.397135 21.651693
1 30.083333 28.583333
2 26.479167 25.625000
3 23.222331 22.550781
4 22.198568 21.618490
1 32.416667 28.583333
2 28.869792 25.380208
3 25.282878 22.063802
4 23.221354 21.367188
1 32.666667 28.583333
2 26.682292 24.864583
3 24.779948 23.255208
4 23.858073 22.352865
1 33.625000 28.583333
2 28.458333 25.552083
3 25.729167 22.511719
4 23.088542 21.395182
../TreeLifeData/COG4965.newick
1 40.125000 22.604167
2 39.750000 16.104167
3 37.458333 13.979167
4 36.281250 13.291667
1 24.354167 22.604167
2 19.395833 16.104167
3 14.651042 13.557292
4 14.067708 13.119792
1 38.125000 22.604167
2 36.687500 18.875000
3 17.208333 15.666667
4 17.062500 15.520833
1 40.125000 22.604167
2 37.421875 18.947917
3 37.171875 13.666667
4 37.109375 12.104167
1 23.729167 22.604167
2 20.645833 20.114583
3 14.520833 13.739583
4 13.854167 13.083333
../TreeLifeData/COG1418.newick
1 19.333333 17.714286
2 15.571429 15.571429
3 13.476190 13.166667
4 12.686508 12.309524
1 21.142857 17.714286
2 17.476190 15.380952
3 15.035714 13.380952
4 13.591270 12.682540
1 19.523810 17.714286
2 15.222222 14.746032
3 14.214286 13.603175
4 13.456349 12.698413
1 20.476190 17.714286
2 16.285714 15.619048
3 15.380952 13.857143
4 13.507937 12.285714
1 20.571429 17.714286
2 15.952381 15.539683
3 14.976190 14.507937
4 12.932540 12.595238
../TreeLifeData/COG1433.newick
1 22.920000 21.706667
2 21.960000 12.946667
3 20.973333 12.226667
4 19.693333 11.306667
1 27.733333 21.706667
2 27.493333 12.946667
3 25.160000 10.973333
4 14.866667 9.986667
1 22.573333 21.706667
2 15.760000 12.946667
3 14.880000 11.733333
4 12.906667 10.666667
1 23.506667 21.706667
2 14.466667 12.946667
3 13.080000 12.200000
4 12.493333 11.400000
1 23.293333 21.706667
2 20.866667 12.946667
3 19.720000 11.986667
4 11.653333 11.360000
../TreeLifeData/COG0572.newick
1 35.166667 33.333333
2 31.295139 30.364583
3 29.624132 28.244792
4 27.113498 26.146593
1 37.000000 33.333333
2 33.197917 30.020833
3 29.470052 27.763021
4 26.451687 25.099121
1 35.666667 33.333333
2 30.493056 29.145833
3 27.627387 26.688802
4 26.418484 25.267470
1 35.166667 33.333333
2 31.572917 29.958333
3 28.429036 27.606771
4 26.240940 25.727214
1 35.500000 33.333333
2 30.864583 29.864583
3 27.823568 26.644531
4 26.517361 25.376736
../TreeLifeData/COG0144.newick
1 53.722222 41.277778
2 49.967593 38.569444
3 36.076453 31.197531
4 31.843750 28.366898
1 47.611111 41.277778
2 43.787037 38.370370
3 39.806134 35.542921
4 37.657665 33.763632
1 45.722222 41.277778
2 35.869470 32.480710
3 32.379533 29.651218
4 30.871496 28.215953
1 54.388889 41.277778
2 35.938272 32.500000
3 34.782600 31.377025
4 31.487719 28.279032
1 55.055556 41.277778
2 36.365741 32.493056
3 34.304977 31.346740
4 31.425395 28.726386
../TreeLifeData/COG0291.newick
1 25.833333 24.166667
2 21.875000 21.208333
3 18.549769 17.636574
4 17.186343 16.554398
1 26.500000 24.166667
2 21.513889 20.138889
3 19.916667 18.729167
4 17.472222 16.969907
1 25.833333 24.166667
2 22.097222 21.208333
3 18.777778 17.576389
4 17.944444 16.982639
1 28.333333 24.166667
2 20.916667 19.833333
3 19.243056 18.465278
4 18.716435 17.974537
1 26.500000 24.166667
2 21.256944 19.833333
3 18.060185 17.390046
4 16.966435 16.418981
../TreeLifeData/COG0124.newick
1 26.666667 26.000000
2 21.833333 21.833333
3 19.112847 18.840278
4 18.126736 17.837674
1 26.333333 26.000000
2 22.250000 21.916667
3 19.729167 19.166667
4 18.240451 17.361111
1 26.666667 26.000000
2 20.864583 20.375000
3 19.394097 18.975694
4 18.087674 17.669271
1 26.666667 26.000000
2 23.638889 23.166667
3 19.684028 19.055556
4 18.211806 18.211806
1 26.666667 26.000000
2 22.875000 22.208333
3 20.197917 19.354167
4 19.312500 18.427083
../TreeLifeData/COG0368.newick
1 31.348485 21.803030
2 22.318182 18.863636
3 19.170455 16.482955
4 18.863636 16.007576
1 25.196970 21.803030
2 20.053030 18.590909
3 19.439394 16.965909
4 17.439394 15.643939
1 33.348485 21.803030
2 28.848485 18.053030
3 20.123106 16.636364
4 17.049242 15.577652
1 26.075758 21.803030
2 22.545455 18.696970
3 19.250000 17.045455
4 18.890152 16.041667
1 32.348485 21.803030
2 30.348485 19.803030
3 28.140152 17.553030
4 20.816288 15.598485
../TreeLifeData/COG0299.newick
1 21.500000 21.000000
2 17.453125 17.234375
3 15.160156 14.775391
4 14.257812 13.853516
1 22.000000 21.000000
2 17.187500 16.500000
3 15.750000 15.121094
4 14.433594 13.833984
1 21.500000 21.000000
2 18.375000 17.875000
3 15.785156 15.589844
4 14.251953 14.251953
1 22.000000 21.000000
2 18.875000 18.250000
3 15.625000 15.210938
4 13.933594 13.755859
1 21.500000 21.000000
2 20.000000 19.500000
3 15.843750 15.230469
4 14.933594 14.554688
../TreeLifeData/COG4963.newick
1 13.666667 13.000000
2 10.944444 10.944444
3 10.055556 10.055556
4 9.555556 8.888889
1 13.333333 13.000000
2 12.000000 11.666667
3 9.402778 8.909722
4 8.486111 8.381944
1 13.666667 13.000000
2 10.555556 10.555556
3 10.055556 9.555556
4 8.861111 8.222222
1 14.000000 13.000000
2 11.750000 10.833333
3 9.833333 9.583333
4 9.000000 8.916667
1 14.000000 13.000000
2 10.944444 10.944444
3 9.333333 8.847222
4 8.694444 8.694444
../TreeLifeData/COG0126.newick
1 32.833333 30.833333
2 27.444444 26.444444
3 25.018663 24.018663
4 23.453668 22.679036
1 32.166667 30.833333
2 27.597222 26.597222
3 25.011719 24.261719
4 24.480035 23.806424
1 32.166667 30.833333
2 26.637153 25.937500
3 25.306424 24.384549
4 23.176215 22.472656
1 33.166667 30.833333
2 27.041667 26.026042
3 25.336806 24.926215
4 22.664931 22.447483
1 33.833333 30.833333
2 27.079861 25.718750
3 25.980035 24.947049
4 23.757378 23.118490
../TreeLifeData/COG0634.newick
1 40.733333 34.733333
2 35.995052 30.579687
3 31.769466 28.485846
4 28.864661 27.960260
1 36.933333 34.733333
2 32.233398 30.407292
3 30.841615 28.634010
4 29.081224 27.198971
1 40.400000 34.733333
2 32.131641 30.103542
3 30.300853 28.493965
4 28.672598 27.425651
1 37.100000 34.733333
2 32.151667 31.464167
3 30.122995 29.101328
4 28.608333 27.195508
1 36.833333 34.733333
2 33.786458 31.077083
3 30.195768 29.120885
4 28.765091 27.997161
../TreeLifeData/COG2337.newick
1 28.083333 19.583333
2 25.958333 17.583333
3 24.041667 16.083333
4 23.791667 15.583333
1 28.083333 19.583333
2 16.697917 14.833333
3 13.677083 12.583333
4 12.750000 11.833333
1 21.583333 19.583333
2 17.770833 17.270833
3 16.500000 15.697917
4 12.458333 11.572917
1 21.750000 19.583333
2 17.791667 16.791667
3 16.812500 15.812500
4 15.119792 14.645833
1 28.083333 19.583333
2 25.583333 17.583333
3 15.708333 14.333333
4 15.093750 13.770833
../TreeLifeData/COG1501.newick
1 21.952381 19.571429
2 18.309524 16.071429
3 16.419643 14.571429
4 15.232143 13.782738
1 22.142857 19.571429
2 19.285714 17.238095
3 17.571429 16.571429
4 15.738095 14.297619
1 20.428571 19.571429
2 19.238095 17.619048
3 16.761905 16.000000
4 14
../TreeLifeData/COG0690.newick
1 22.333333 20.166667
2 17.000000 16.166667
3 15.937500 15.125000
4 14.812500 14.125000
1 22.333333 20.166667
2 17.083333 16.833333
3 14.114583 13.875000
4 13.760417 13.395833
1 20.833333 20.166667
2 16.520833 15.666667
3 15.302083 14.447917
4 13.718750 13.718750
1 22.333333 20.166667
2 18.833333 18.166667
3 17.708333 16.291667
4 16.333333 15.416667
1 20.166667 20.166667
2 16.208333 16.208333
3 14.307292 14.307292
4 13.250000 13.250000
../TreeLifeData/COG0201.newick
1 37.500000 35.333333
2 34.750000 32.708333
3 30.291667 28.625000
4 27.714193 25.854818
1 38.833333 35.333333
2 32.951389 32.333333
3 29.942708 28.380208
4 28.303819 26.481771
1 38.333333 35.333333
2 31.604167 30.958333
3 28.669488 26.851562
4 26.966471 25.972222
1 37.500000 35.333333
2 31.947917 30.125000
3 29.693142 27.376736
4 27.518446 25.788845
1 38.833333 35.333333
2 34.388889 30.888889
3 29.992188 28.003906
4 26.664171 26.664171
../TreeLifeData/COG0097.newick
1 37.395238 34.090476
2 33.502381 29.971429
3 29.423698 26.311458
4 27.799888 24.785007
1 37.252381 34.090476
2 32.436905 29.917857
3 28.817783 26.627679
4 28.267001 26.006287
1 40.061905 34.090476
2 34.016369 29.590476
3 31.919048 28.469048
4 28.335119 26.544048
1 36.061905 34.090476
2 30.642932 28.222173
3 29.743899 26.651339
4 27.945461 26.645350
1 39.204762 34.090476
2 30.884747 28.539062
3 29.716220 27.131771
4 27.912240 25.106696
../TreeLifeData/COG1198.newick
1 19.000000 19.000000
2 15.500000 15.500000
3 12.375000 12.375000
4 11.281250 11.281250
1 19.000000 19.000000
2 13.750000 13.750000
3 11.687500 11.687500
4 10.062500 10.062500
1 19.000000 19.000000
2 15.000000 15.000000
3 12.375000 12.375000
4 11.218750 11.218750
1 19.000000 19.000000
2 14.500000 14.500000
3 13.000000 13.000000
4 11.500000 11.500000
1 19.000000 19.000000
2 14.125000 14.125000
3 12.562500 12.562500
4 10.703125 10.703125
../TreeLifeData/COG2239.newick
1 19.944444 19.166667
2 16.000000 16.000000
3 14.128472 14.128472
4 13.500000 13.500000
1 21.500000 19.166667
2 17.194444 15.944444
3 15.159722 13.791667
4 13.319444 12.895833
1 20.388889 19.166667
2 16.805556 15.805556
3 14.961806 13.913194
4 13.291667 13.065972
1 20.166667 19.166667
2 17.666667 16.666667
3 15.638889 14.916667
4 14.180556 14.041667
1 20.388889 19.166667
2 16.763889 15.791667
3 15.680556 14.430556
4 14.965278 13.138889
../TreeLifeData/COG3568.newick
1 19.659574 18.659574
2 17.574468 15.324468
3 16.968085 14.638298
4 13.542553 11.340426
1 20.382979 18.659574
2 16.063830 14.914894
3 12.393617 12.010638
4 10.882979 10.117021
1 22.446809 18.659574
2 18.914894 14.914894
3 18.680851 14.702128
4 18.617021 14.617021
1 41.297872 18.659574
2 40.574468 15.468085
3 38.446809 13.521277
4 19.468085 14.531915
1 22.446809 18.659574
2 17.372340 15.409574
3 13.978723 12.063830
4 12.617021 10.468085
../TreeLifeData/COG0750.newick
1 20.333333 19.000000
2 15.944444 15.944444
3 13.347222 13.000000
4 12.736111 12.250000
1 19.666667 19.000000
2 15.166667 14.500000
3 13.145833 12.972222
4 11.861111 11.861111
1 21.000000 19.000000
2 16.250000 14.916667
3 14.111111 13.666667
4 12.527778 12.527778
1 20.333333 19.000000
2 16.333333 15.666667
3 13.750000 12.958333
4 12.375000 11.583333
1 19.666667 19.000000
2 15.958333 15.291667
3 14.722222 14.597222
4 13.652778 13.652778
../TreeLifeData/COG2249.newick
1 28.530303 27.621212
2 23.605114 23.174716
3 22.249882 21.781960
4 21.161695 20.628906
1 29.378788 27.621212
2 26.356061 24.787879
3 23.482481 22.390152
4 21.517874 20.399740
1 29.651515 27.621212
2 25.032197 23.821970
3 22.852746 22.009470
4 22.062027 21.170928
1 28.984848 27.621212
2 24.496212 23.859848
3 22.875000 21.879972
4 21.979995 21.233310
1 29.378788 27.621212
2 25.066288 23.308712
3 23.199811 22.092093
4 21.250355 20.602983
../TreeLifeData/COG5272.newick
1 28.166667 26.500000
2 25.972222 24.305556
3 22.218750 21.501157
4 20.568287 19.967593
1 30.166667 26.500000
2 25.750000 23
../TreeLifeData/COG0284.newick
1 29.185185 26.777778
2 25.425926 21.509259
3 24.444444 20.217078
4 22.469136 18.633745
1 28.370370 26.777778
2 23.654321 21.592593
3 21.839506 20.493827
4 19.834362 18.481481
1 28.148148 26.777778
2 23.592593 21.592593
3 20.939815 19.648148
4 19.165123 18.742541
1 28.851852 26.777778
2 23.956790 21.250000
3 22.391975 19.827160
4 21.929012 19.027778
1 28.185185 26.777778
2 24.950617 21.379630
3 23.140947 19.729938
4 20.788066 18.856481
../TreeLifeData/COG3027.newick
1 15.285714 14.428571
2 13.000000 12.285714
3 10.196429 9.517857
4 10.196429 8.821429
1 18.142857 14.428571
2 12.428571 11.000000
3 11.000000 10.142857
4 9.464286 8.375000
1 14.714286 14.428571
2 11.821429 11.000000
3 11.285714 9.785714
4 9.857143 8.642857
1 18.142857 14.428571
2 12.428571 11.000000
3 11.214286 10.000000
4 9.857143 9.500000
1 15.285714 14.428571
2 11.357143 11.000000
3 9.535714 9.321429
4 8.767857 8.517857
../TreeLifeData/COG0843.newick
1 44.642857 40.166667
2 40.497024 36.687500
3 30.153026 28.897879
4 27.818907 26.556920
1 44.500000 40.166667
2 40.425595 36.819444
3 39.275794 35.391865
4 38.061177 34.315559
1 42.357143 40.166667
2 38.093750 36.569940
3 28.944589 27.840030
4 27.317460 26.651703
1 44.642857 40.166667
2 32.452381 30.452381
3 30.185268 28.117560
4 28.536624 27.114253
1 42.833333 40.166667
2 38.402778 37.154762
3 35.119874 34.641245
4 28.017475 27.015925
../TreeLifeData/COG3181.newick
1 24.833333 20.166667
2 22.083333 17.416667
3 16.347222 14.958333
4 14.607639 14.607639
1 22.833333 20.166667
2 19.583333 16.916667
3 16.062500 15.194444
4 14.850694 13.711806
1 25.500000 20.166667
2 18.972222 16.652778
3 16.069444 16.069444
4 15.673611 15.673611
1 25.500000 20.166667
2 18.125000 17.458333
3 16.666667 16.000000
4 14.562500 13.895833
1 20.833333 20.166667
2 17.458333 16.791667
3 15.687500 14.614583
4 14.730903 14.387153
../TreeLifeData/COG3315.newick
1 38.916667 25.200000
2 21.027778 17.944444
3 20.741667 16.569444
4 20.452778 16.236111
1 39.383333 25.200000
2 38.966667 17.944444
3 22.994444 17.347222
4 21.927778 15.513889
1 39.955556 25.200000
2 23.391667 17.944444
3 21.727778 16.222222
4 21.161111 15.611111
1 25.483333 25.200000
2 21.638889 17.944444
3 20.758333 17.444444
4 20.327778 15.994444
1 30.322222 25.200000
2 26.155556 17.944444
3 23.288889 16.111111
4 18.783333 15.794444
../TreeLifeData/COG4771.newick
1 23.839286 18.553571
2 20.785714 16.232143
3 20.415179 15.473214
4 17.910714 14.136161
1 22.839286 18.553571
2 17.856027 16.228795
3 17.008929 14.969866
4 15.950893 13.517857
1 22.839286 18.553571
2 20.089286 16.803571
3 18.375000 15.589286
4 17.171875 14.448661
1 23.839286 18.553571
2 19.629464 16.017857
3 17.129464 15.265625
4 16.680804 14.774554
1 23.839286 18.553571
2 20.198661 16.397321
3 16.993304 14.456473
4 16.089286 13.931920
../TreeLifeData/COG0466.newick
1 22.666667 22.000000
2 17.750000 17.611111
3 16.090278 15.854167
4 14.701389 14.444444
1 22.666667 22.000000
2 18.666667 18.000000
3 16.916667 16.194444
4 14.833333 14.180556
1 24.000000 22.000000
2 17.625000 16.958333
3 15.399306 15.131944
4 14.125000 13.951389
1 24.000000 22.000000
2 18.166667 18.000000
3 16.513889 16.013889
4 15.430556 15.319444
1 24.000000 22.000000
2 19.222222 19.222222
3 16.805556 16.541667
4 16.222222 16.222222
../TreeLifeData/COG0738.newick
1 27.725806 24.338710
2 25.725806 18.370968
3 21.467742 16.629032
4 19.209677 16.266129
1 27.241935 24.338710
2 22.612903 18.491935
3 22.258065 16.850806
4 21.197581 16.250000
1 26.048387 24.338710
2 20.489919 18.340726
3 18.967742 16.455645
4 16.616935 16.169355
1 28.209677 24.338710
2 22.959677 18.326613
3 22.395161 16.101815
4 20.745968 16.498992
1 25.629032 24.338710
2 22.661290 18.709677
3 21.169355 16.701613
4 20.592742 14.774194
../TreeLifeData/COG0303.newick
1 22.666667 21.333333
2 18.375000 18.375000
3 17.333333 17.333333
4 15.619792 15.619792
1 22.666667 21.333333
2 17.718750 17.718750
3 15.630208 15.630208
4 14.889323 14.715495
1 22.666667 21.333333
2 18.822917 17.489583
3 17.588542 16.255208
4 15.947917 14.614583
1 22.666667 21.333333
2 19.666667 17.958333
3 17.322917 15.755208
4 16.799479 14.966146
1 22.000000 21.333333
2 19.666667 19.000000
3 17.302083 17.302083
4 15.244792 15.244792
../TreeLifeData/COG0836.newick
1 31.240741 30.277778
2 27.490741 26.370370
3 25.836806 24.944444
4 20.596065 19.611111
1 31.462963 30.277778
2 28.476852 27.590278
3 25.994213 24.732639
4 24.756944 24.022569
1 32.129630 30.277778
2 28.795139 28.039352
3 25.325810 24.991898
4 24.318866 23.785880
1 35.611111 30.277778
2 32.824074 27.518519
3 31.268519 26.428241
4 27.222222 25.452546
1 43.018519 30.277778
2 25.410590 24.073206
3 22.432002 21.706597
4 21.406250 20.438947
../TreeLifeData/COG0002.newick
1 33.809524 29.476190
2 27.863946 26.238095
3 25.899660 24.304422
4 24.479592 23.512755
1 33.238095 29.476190
2 28.707483 27.802721
3 25.906463 25.025510
4 22.973108 22.519558
1 32.904762 29.476190
2 30.619048 27.476190
3 26.140306 24.370748
4 23.979167 22.670706
1 30.333333 29.476190
2 26.302721 25.930272
3 24.679422 24.528061
4 23.525510 23.320791
1 32.904762 29.476190
2 29.833333 26.214286
3 25.497343 23.296875
4 23.936969 22.262755
../TreeLifeData/COG0622.newick
1 22.983333 21.483333
2 19.608333 18.529167
3 19.004167 14.354167
4 15.254167 14.056250
1 25.133333 21.483333
2 19.543750 16.483333
3 17.777083 15.218750
4 17.362500 14.566667
1 25.800000 21.483333
2 18.925000 16.483333
3 16.854167 14.462500
4 16.150000 13.570833
1 25.533333 21.483333
2 19.947917 18.193750
3 18.347917 16.910417
4 17.318750 15.962500
1 27.050000 21.483333
2 24.200000 19.258333
3 23.050000 18.183333
4 16.343750 15.300000
../TreeLifeData/COG0159.newick
1 35.600000 32.100000
2 30.737500 27.800000
3 27.251476 26.240885
4 26.091667 25.025260
1 34.433333 32.100000
2 29.189931 28.219097
3 27.626215 26.249653
4 26.586198 25.776563
1 33.766667 32.100000
2 29.172917 27.940625
3 27.709375 26.488715
4 26.245920 25.755382
1 34.933333 32.100000
2 32.044444 30.544444
3 29.315278 26.780208
4 26.468924 25.883073
1 35.333333 32.100000
2 31.308333 28.200000
3 27.753385 25.839063
4 27.005599 25.189193
../TreeLifeData/COG0529.newick
1 17.333333 17.000000
2 13.276042 13.125000
3 12.255208 11.848958
4 11.369792 10.968750
1 17.333333 17.000000
2 14.750000 14.333333
3 12.296875 11.880208
4 11.406250 10.880208
1 17.333333 17.000000
2 13.625000 13.312500
3 11.888021 11.479167
4 11.421875 11.028646
1 17.333333 17.000000
2 14.916667 14.416667
3 13.250000 13.250000
4 11.114583 11.114583
1 17.333333 17.000000
2 13.343750 12.927083
3 12.385417 11.968750
4 11.119792 10.705729
../TreeLifeData/COG0714.newick
1 26.266667 24.000000
2 22.641667 20.375000
3 19.906944 18.930556
4 18.687500 17.504167
1 26.933333 24.000000
2 22.850000 21.041667
3 20.836111 18.628472
4 20.082639 18.236111
1 25.400000 24.000000
2 22.050000 20.833333
3 20.737500 19.263889
4 18.694444 17.681944
1 25.933333 24.000000
2 22.677778 21.833333
3 21.322222 20.305556
4 19.535417 18.319444
1 26.933333 24.000000
2 23.033333 21.100000
3 20.215625 18.406250
4 18.228125 17.319097
../TreeLifeData/COG1972.newick
1 18.833333 17.166667
2 15.000000 14.000000
3 13.833333 12.833333
4 12.468750 11.609375
1 18.833333 17.166667
2 14.666667 14.666667
3 12.343750 11.976562
4 11.898438 11.304688
1 18.166667 17.166667
2 14.916667 14.416667
3 12.791667 12.354167
4 12.291667 11.760417
1 18.833333 17.166667
2 16.833333 15.166667
3 13.677083 12.447917
4 12.276042 11.609375
1 18.833333 17.166667
2 15.458333 13.791667
3 12.557292 11.901042
4 11.888021 11.182292
../TreeLifeData/COG0211.newick
1 32.360825 28.024055
2 24.948454 23.048110
3 23.655212 21.679267
4 22.426499 20.244750
1 30.127148 28.024055
2 26.333333 23.233677
3 24.345934 21.752577
4 23.162276 20.377625
1 29.481100 28.024055
2 25.707904 22.982818
../TreeLifeData/COG0011.newick
1 15.000000 13.833333
2 11.833333 11.333333
3 10.250000 10.020833
4 9.437500 9.260417
1 15.000000 13.833333
2 12.750000 11.583333
3 10.333333 9.916667
4 9.833333 9.083333
1 14.666667 13.833333
2 12.166667 11.500000
3 9.979167 9.489583
4 8.718750 8.718750
1 15.000000 13.833333
2 10.864583 10.864583
3 10.322917 10.322917
4 9.375000 8.697917
1 14.500000 13.833333
2 12.750000 11.833333
3 10.395833 10.395833
4 9.666667 9.666667
../TreeLifeData/COG2358.newick
1 27.355856 24.243243
2 26.361862 21.576577
3 23.804054 19.492492
4 22.242868 18.514827
1 26.463964 24.243243
2 25.625751 21.236486
3 25.521021 20.609610
4 22.289790 18.983108
1 26.009009 24.243243
2 22.984985 22.066066
3 21.250000 20.107357
4 20.762012 19.588589
1 28.860360 24.243243
2 25.977477 22.087087
3 25.369369 20.554054
4 20.876877 19.464715
1 26.432432 24.243243
2 24.220721 22.301802
3 22.133258 19.926426
4 19.720158 18.725038
../TreeLifeData/COG1764.newick
1 26.450617 23.351852
2 25.161523 19.363683
3 22.704047 18.263717
4 22.494342 17.342078
1 27.611111 23.351852
2 27.388889 21.314815
3 22.306584 19.459877
4 20.420096 17.611797
1 26.870370 23.351852
2 23.391632 20.855281
3 21.401920 18.868656
4 19.401235 17.699417
1 27.117284 23.351852
2 25.727709 20.063786
3 22.011660 18.732167
4 18.888203 17.397291
1 27.611111 23.351852
2 22.099794 19.611283
3 20.590878 18.253429
4 19.843450 17.603052
../TreeLifeData/COG1385.newick
1 37.200000 33.800000
2 33.375000 31.175000
3 23.375000 22.550000
4 22.175000 21.350000
1 37.400000 33.800000
2 26.500000 24.400000
3 24.867969 22.427344
4 22.918750 20.853125
1 37.800000 33.800000
2 34.631250 31.712500
3 25.031250 22.593750
4 23.048437 20.532812
1 42.600000 33.800000
2 27.000000 24.400000
3 24.284375 22.496875
4 20.801562 20.268750
1 41.100000 33.800000
2 39.050000 31.550000
3 35.832031 28.839063
4 22.707031 21.920313
../TreeLifeData/COG2274.newick
1 46.675532 36.820922
2 42.889628 32.860372
3 35.909242 30.749335
4 34.449196 29.563285
1 42.611702 36.820922
2 38.377660 33.993573
3 36.197991 31.777926
../TreeLifeData/COG1794.newick
1 19.238095 15.476190
2 12.678571 11.988095
3 11.595238 11.297619
4 9.845238 9.619048
1 17.285714 15.476190
2 15.714286 13.476190
3 14.476190 12.523810
4 13.857143 11.571429
1 17.476190 15.476190
2 15.857143 12.452381
3 15.273810 11.892857
4 14.869048 9.833333
1 18.095238 15.476190
2 16.404762 13.142857
3 15.190476 11.892857
4 15.119048 9.880952
1 19.238095 15.476190
2 15.761905 11.988095
3 11.642857 10.440476
4 11.297619 9.904762
../TreeLifeData/COG3711.newick
1 31.833333 26.250000
2 30.635417 19.916667
3 28.304688 18.049479
4 23.708333 17.815104
1 31.083333 26.250000
2 30.333333 19.916667
3 25.145833 18.718750
4 23.432292 17.924479
1 27.000000 26.250000
2 24.062500 23.492188
3 22.463542 16.614583
4 20.231771 16.744792
1 33.583333 26.250000
2 31.052083 23.875000
3 26.692708 22.562500
4 24.645833 21.273438
1 32.333333 26.250000
2 30.229167 23.437500
3 29.484375 17.984375
4 29.458333 16.992188
../TreeLifeData/COG1732.newick
1 29.231579 21.719298
2 22.494737 19.377193
3 20.122222 18.271930
4 19.038596 17.549708
1 28.575439 21.719298
2 21.289474 19.140936
3 19.872515 17.749123
4 18.703509 16.932749
1 23.557895 21.719298
2 21.249123 19.396491
3 19.011111 18.597076
4 17.103509 17.103509
1 26.389474 21.719298
2 20.153216 19.625731
3 18.764327 18.012281
4 17.978363 16.991228
1 27.964912 21.719298
2 21.467836 19.146199
3 18.971930 17.618713
4 18.021053 16.771345
../TreeLifeData/COG2860.newick
1 19.000000 18.285714
2 15.000000 14.678571
3 13.044643 13.044643
4 11.830357 11.830357
1 21.285714 18.285714
2 15.928571 14.375000
3 13.214286 13.214286
4 12.678571 12.678571
1 20.428571 18.285714
2 15.232143 14.321429
3 13.366071 12.964286
4 12.044643 11.888393
1 19.571429 18.285714
2 15.821429 14.535714
3 14.223214 12.468750
4 13.357143 11.834821
1 20.428571 18.285714
2 15.553571 14.696429
3 14.053571 13.392857
4 11.875000 11.875000
../TreeLifeData/COG1663.newick
1 25.833333 24.500000
2 20.583333 19.250000
3 16.843750 15.630208
4 15.708333 14.562500
1 32.500000 24.500000
2 20.708333 19.770833
3 19.895833 16.380208
4 19.604167 14.390625
1 32.500000 24.500000
2 32.500000 20.250000
3 28.750000 16.713542
4 18.302083 15.401042
1 25.833333 24.500000
2 20.583333 19.250000
3 17.041667 15.916667
4 15.114583 14.463542
1 32.500000 24.500000
2 20.072917 19.114583
3 19.072917 15.458333
4 17.354167 14.197917
